$ANSIBLE_VAULT;1.1;AES256
30656431333065373164623231643036396665336432663039313562393535636262363132313165
6262346137316432666330356635666637313437323531370a663734363362313635646538363237
36633530376636633138636163396363653130656633353231313162343131373239316638653462
6331366664623432630a343730376230636338646238343135376664623637343831386531666432
32663266306535386535613066663934663566303939393435323931336461613133396637363261
66386132623066663838656563383963303130616439343461363733343839613863376239383831
66346232653735616438323837303530656130613534323862306433366465393464373461336666
61393231366532376462626363653738303538633938633463316366373066343335353637346132
37353662306134393334633930323066663339626336613039626136336365646166373533353037
36373534366665636365633464613463326164343761316536653436316362333263643139313534
38393835646434326439653165316538353431393361376661373738633764343865366634646334
36613964353463633561313336363264323663343931386166633130633833656662316436623465
39386634346430636134383864343235643962373365623935616564333839386237333831646633
62616232323636373034313864663437376463306663653661373662373264636539346665623730
65636539653138656665663836643336613036656430636565343837373832663238393866366235
32343936643465663764383538623133393631373831653261636339663635316262313932663834
63643730303261333062616132326339633264333666623133643638326134353464333137373166
61613265633234363130333062306537313433626631643637343266633837646634623230653263
65646136633833313039333666383463353932366232333832636339323833356166363532376666
39633231306337613539663036363138363933666464343433313237663633316631353539663662
65313165393037646361613361623333666531336366393135346333366562316464373538666530
65373861346234613837656665373461633963343536313237393965323837333462313663386534
34396239616263363532336636646532393963383532636363343830653433386230343231636564
62643236626136643633353337383939653537306236663136303564666236313036613064363532
61343762333535653661666639323730353533333533623839313331653036353663643161376563
38623062646662663339393539613338333261623839386461626665653864643564643961366239
66656461653666656165663131376433373535663931373930303535383731376236343737346361
38653335306138616566616132376263343165656538306466396263633036336634666130303465
33633666383431313666393833353039393961646163303137333935613663326133666462663566
39666666653865646464306461366332633636383837333737303634386161616237626130316665
63616236396463343730663962353435313066316231376535373833383262313733653833343133
65346235636235393038356163643538373463393265633836376566326462343830376365343338
33353966346434663432663532326561396537333363663133366364356535373631353764376431
63663230393632386266313436626635376130313938373932366363366266386531323337343366
61306337653938656234653032616165643434666537303735393331616535366334613732343639
37613236373461366337366165656532613835343765356163613665633535643532336538633632
32373132636536356464356236633938386339323930653166373038373737626665646265613233
34373465303961376136666165633963663464333065643339353039326537303435653535636333
35373332383638333263353066656538663137636166333737313965323230666536316566313065
39393637376135373830633862323031656137313766656239656631653162376333393162353031
34343032306263613937343639326562343835343062646566386531613361383739663330376361
34656131613062633838626539386233643435653930346531356464653234323131376661343833
36396163393633383864393565383133613237316264663731353431633664653665616261313733
63373865623664626538306564653632613132303466346233663663323333626238363434653866
63643638623664376465366337346266326563333036336165346135306162353264353737356463
30303733343033383432663738353165366234306138326536653032623462666132343263323362
65366635653661326163356565366262356462316639356333626434613963353266376266386632
32313934366533303939326431323161616336346537353536353635636266653039643636663532
38343365643530383831623161336534306365393062393566313262333163363066636235646262
36653533343536393035613963653230386562303135353434376130613235376561633637336266
35363364616439376530636465356132313538623831336332353461346431616664363061393863
31363537353962316539306266396431653464663234336662663730383466323432643633633734
65663364366439363765333337396432323237333563303634353464343432386135643634613231
34656132393565663630376566616437376132316537643633646137613630366139373730393466
376566346238663766623330336662393432
