$ANSIBLE_VAULT;1.1;AES256
64653638613637303765636537326532303533636362336165646530383861643266636537346533
3539373934623837393538323162353537633036313661640a333066393437626330616661663332
39626634363431373730376636336532376439353634303538626638396465333264633762633330
6464393133366230310a306664613630366664623839356133646166613565373264616130336234
33353161633162336630646662663338343534653364643834303537393365633136323563343164
30623037306537356264323133336633313535636364303566373231313935313661313831373866
66376433393236333461643034643965386166393631663563643035646565626232386430393330
32386464373835323034343064646336646261303936353165613966653931363363366339633164
30366165343633333562666437666538613535373731333136323733393434656464393039323032
35333930363333353365343266633362383163383738366166613463643964633363363063346635
32643631316538316439383861636435373536396630306463383730343531616664613233616262
63336432623635613630393730383739333939393665653736653265663034366635353362616665
35303739396138386238663037346164376463323931323434666461323335383738363666383937
37623964613261326666633138616237326635353063373538666336663566623538323234646566
38393665333334326633653366326561613631636431353339333435306330356638376232316532
31636433383931306161306237336466313762346161376434663333393937646237336337613365
38316536353634396631393437643962366665303362373265343964306238663137663065656161
38613338323437643261323666633264353831313935663162313639633531343233303437653663
39666432323038653064643863393136313865316164313463363364313564303362633933323566
31346536653538666262376537393732373238306161353338653662303937643833653538616564
35313965303637303163613563303966613462323263623237383630393834386433613566663839
34333930393836613161623939336336353664626234363166353931343539303034643536666165
32393564643666336165626230616634616530613636646264366433613437353666383637336363
33323437353030343966376433376265313438373462646235386261656366373336643665616338
64626130343662666561373532656465363730313637653762366162383561373532666462343166
62393766386364313438633934623266633732333639653839303230663863393639306561393631
65306133343265336430313264663339386262373164333838373532393531313836383462666539
34623034636563373965383530346637313264366231643738336431646164636539333030313834
64353261616333643436663563336639373366393433653134393365303036643339643236316330
36326362663431626432326535613639336135386635633235656236323265633436336530616161
32336437306534333235353262306639396439366135663766303437656438386664323733346363
65623262393130653163336237663133663765646335646231313837613136326463626539613230
61653966663764373962336230646666626137326237353965666561303231626336666665396433
30393262383839613236376230646365303636396335633839363066326437393833386236343662
35653435656261386439643932386430636136663438373333653138663264666530383835393332
30656239386162376533326664303234383238343464336132306665633937316130376565633139
33383136376363383762353836656137666266363230623839366361636262643736373836633735
38363965653332336538316434653035303866623736373533623963326664383863363663616539
61646161636439376536313164626266306433613436646337373931303833376366626234336630
64373534663462633930613430663366383637326631623937306264353633333930393136396262
61336163653038653837363630333066333461353265653435353065636638626461363862306664
34633566623466326666396531646564326436303232333566613231653563366466656132363935
62303265393736343761396635623963666231353835306134623539633932343562336530623230
65326565356438626234386532626635643832366666653064633337356561653939313130383231
64666639323639366633393336626365336262326338396366333335303538316466616661636638
64623035336331386239393438386633356132613634623366303962313766663635313030303339
63303362623234633334666636383161393362623965343836303137626134346336626531396539
34636362303230636262346133656562303261656364336236663136656335363636663837303536
32656663653335323861376139343734663636326339313037646334363431653034663164626366
30643366643537663863386166383861306362383638653735333034376336376261373738356564
63313662646636643662383531393465313738613132303462396132653234343230373136386531
37373131663563393532303930663538373134653062366663303665653363626466316131396237
31613333396137643062323033353835303061373235376465343939316339353439343338333336
63643033363265333438643633346237626563356637656538323065656464353030383033643963
38633861393036623761646431313438643739666436363565643439393565343231303336353932
32343665373534353566383036383963336365356333303137353631653930373432666338333532
61323936636364323266363731313664316330383562633533306261393439616239643761303237
37313731633930643030373936343564373765653130306433313730653565346431313334346662
36393730343137346561633734373230376332353135333735643835326335353633633830633232
32303639333265653964306631663737616635666635313934386639613566343666663766626339
35626234653932393863616637666563303662633064653961336666353463613839363930376363
34383561653738323633396330333363313738616530393462343862353238343862336265393236
31336161313864646231363030613634653563646531633537373166663635326630306439393533
64323434636366623838646331383633336530623230623939323163343966663366616363306262
32396562633466396561376535336161643931333431613431663964383462303430363633323032
34383736336138336433393037653061613462383432323432316264363030326263393262366162
33643062366163346262373432333835363232633066616565316661316230623439323135383866
61653937376630343130376436366361626664393434653065666233313830303762343635623431
36663131643233373462313766643031633137386162656366346639366263643333386639663237
32343966643466396238636364363732313037613638363937393838313530343965353935636638
39623335653863306661396266326132373363303633313839396564613762343635356632336565
61353164303562326463376666363032323263386133353462643433636464333733366638346262
66663539333865326333363034613766383462613433393531396433343335363265356666343733
35383637393064366530636332343032323533363039613162363737363630316164376232313636
35386339393237313532323062613236613838343939303933643365393661326363383665353665
30383464346133363939653131643336346431383038336464393465313136633731666132623764
66656461353731613430613439363938666362323264386262653736353266366530643332396364
37383063376633643131656531393462646361376264623530653431646133383337323062386137
36373664313864663535636535653365346334326137623066396631623534336530303138636337
39356437393339373066323731616462303635656265396261303531383265653935613565316337
37323564353236613565323437636538346564653161326665346432653065346433353931303736
30313335376165353730313263353235353939343861346538393431303033376665636336336334
39333335346235653134336631376163366563343163346434313531643936623339613132363065
64333736343939323634303962653938346130306332653366313963373862333334373933643461
37373031636433343430623831643633353738306336386133313336313266663236336266316539
32363231643533376464343338623965616437383730313137643462376338363632396531303761
35636364313835626365386631626333343762386335393161383234373533653637303631333831
66383630633931636462323064383466343933303365396133356631386236633466323931356164
32366138333564656338323265343761373430346633393038373563643536643864326232643530
30333566366338363636316264616137393163326636393332346134386239356433353537643534
36346335383162646138656535613233633863326565366537366337343437373738353966326330
30313761346130633065616462303037663639383566616261366538363265353465363934643139
32353032323931616263356639663336373835323266333063316437333131373330393831666133
30653233373362383437383764663564333161386630663731353461643365373039386130636631
39346265336361623764616363313733626163386164303637653835363633633331666535663465
34346161306164363037346361356664393139393933383832336366356236336234646137383966
64386562306330346461323735633830656639626338646233333036353334633561636464653961
63356233313933336565346438383664353632383662666162623333363566626635663934336162
34373962633233643235636564653137646538623263313435663331383866656231316466663038
63386136363161346132396138346139336334376535643765636339636339663030346132333862
62333938323235383834316530633338613132383563373530653764663134393130343661656366
39303432346366373839383535376362396230636462313831386238356463656239353464343237
32663531616262356338336137383764363963663563346162623038366137313234303933393962
39383730613066363264373034656636626238383034373131643135303637303261303433613436
35306230343537636132376561393130333663306332656433366162356362373438333532633433
61343430663565383439323666356133373531343061386238636431326166346131613134366263
33366263366661393934323865313130393665643336636563643736666361383965383737323336
37623863633830383634643861656463316239653064343164343532353639396439333039663935
62333861623131313362383939323638636464396234663463333632373861666432303064636434
39643039383438376631343562376264306433393934653362356663363932376136336430626634
31346535356436363434363638363262656263396437383138356333313861373065646665653064
65323862303762656461393164666662333362343465323764306132326535636533336434303835
61343536373365366266353538663139376464656330306461333664386336626334316337653336
32616130353065373831613034313361666533656365383537616534316366323762623335623335
65663134333233663730303834633732393735353963393762326630303366333734653465633564
66626565343830356133373463373565623538636163376538333863333039663832373538366133
39366235346431356637336465313731366134623064633961326239373164313635663966616432
39323032613862313563666264383137303862363138646432383333626430626335356335376334
33666662316637666335316630646563373031333065356138653534363537653235316264626261
61626530383736646634333133323537373735666431616263396435343832613633333030363361
37323364663233623666636533363061376330613362303637666631653564613730303262353862
66313439636130626331336435303964663661663137303330613965393239626663323839333434
36323537613237613263633337333931316335343736313165326435666337303166336239393061
63356163396464363635623735326331373235643031633861663732626333633061386537386266
38383034396261613637383339353466613939323038386137386535633738633632633231306661
35383930353839373138623361353361336539643066383663363763376664316631383537356664
38323866336237643963373335333139636433343939626433346365376232323535366436316438
30333731393333366461623137333332363139366231663761333835653033353064633036323932
31636234323939313934396664386532626534373265656231353362636164653264376566333066
66336430353736643832653263353264643164303137373763653438383864636632666632383961
38333063653037346361333931613437333364643532306337653661613361626135646261306631
66613934656637666661333639383031336663343362663634326134356665323066346530333666
39363937333332646532333135343364663762323362343231356137633939653665346533326636
37353030646133663030646133616134313132616362613833306361623564396464383337643134
33303266643132383738393231623232623363626466313238363532343737373030353565613264
65346566376465353530623735333130366466343831636538373064643334313832346631613362
33613136616662626533353464653931626161363039336664323837343834313962613830646635
39303135333566363362393433656438303664383564366661343733336639653631333937633564
38333130323135653233356564623539303463663735393431353638643666623439323039323337
32643230393736366536383138633066333136663732303834303464336233323937353361646431
35346230336564653631613563663731386366323462333834393862633536306263306237386136
33333266633932616164663731376530663130626564656430613930393465383564356637653738
31313264346262343832643338346238313232353961343533616465333731343330303461396134
36356332626161366262316638306266366366396330386535306435646662616332656264313634
66613738386134356665616536326564643833373364333535363334393839313033393364383662
66393637643137306464313166373332356230306461313062663031666562623962313564346338
66633431363930633864343730383733306265643062333330373632646332383034343230356235
32353164373038356431376635306637386466613731326363323032633361393031336435323963
32343766396438613265366261623233633931613331396431643537666363656366356338653331
64303632323333386235393466316237333633666633613464656334613634623832646365356537
64383861396231323461303737643061373336323033613438613066313830376462343365666165
33613030336564313830666564663634383166386531343430656333646134306261636464613261
30323838343663333132326636613461343265393933376530326565303163633937383139613730
31313434623333643036336436313736323531353166343862383762303563656630326530646132
62663664623531383630376636376465303036376139336165376361303862356534653839333635
38346231316461616533376439636132616330333838346363663765393035373835653435383962
37313461383233613761363930633836646530313132636231646430336331636566336266643733
32383533643966343139336436613864303930346362316266323830643863653865663132353939
65336439363762663361366265333636653038353866326636646538613164343363303734383130
65333633333163306132373463343934316463613834343963383365353137383435373331396163
66653934346363313037343565646235653265373762393465323664303763633730383833336335
35373036393036643734633066653763323363343733646665613766353136386332393236616666
39623630643364663030633261346435323636353936633637383332653439383263313832326362
33303935373561306637633661386464333136373664396632353732666433353362643337353539
36313031643936373232343364353834393364616466653135396435636465393063363863383538
39623834386233393964396639666362333562643133333237353730366463343263326563363138
34643832303637646635313665336266643436356263623936393663613638373138623263643234
65386438643836653834346333393034333731366637376338313639626662373764393937393036
33346366666262333265303638613232343362313938396133333839653061306662336566616235
65356334303731663066396463333166633538613830643065346435343733326165636235616636
65333133636438333862346432393630373036383230356266373265646334666564333963393230
33613361373061363935346237323164353664613832313565386162663134386263636634653061
30316334616462353165613831666239653566356364323733306232663830613534653938616161
34663562373030306466646237333536393032653933353637653063343465663839613236376234
35313462336630643834333932633433346634656230383634306364356263633038653036666261
63643531663138393433386434663331346535633135666566303763626432303332656532623935
33373333663236663265643435656463623162333337646233633538653033326532396436363531
37663364663931386664666563613734326562383033363830396662366133353764626566363631
36383130653432343432326466393733613265616530623030356636393031323463356637323638
35363033353635313762306638353661633132373232376364643562386138353032336666306539
65373561386134373231656432623031636664313736353263636235353234663533303061343239
30353034623832626466616230343063306434363539623938646161353038306132393330373936
31663134376236633137623465323465346332353236376631353966386431353436383062386234
62343437343365663565313333336633646236646335666333343837366539326232663336656138
64366262396537326532346661326532386665386430396338663564663539343365383364613061
31646530343565626331616261333164643430383139353666303161313964343333353961343031
30326537653936303463396431316535306664303235626166333930383138633231666435306236
37323138333030396666343135303765666563613130663734646438323133373039663135383938
33323039653864343336633966653836663066656138343333623335373334306665343439646233
66356538303762353835373163633435363361613630626638316465393637393366623933313739
38303636623664393733636166663335323237393563613933386666373566363665353764366136
37633133303762353365663336363765633533623434316139316630313362373336623338643438
33623032386636386336613136633539336364616136333838633835353130613533326635356363
65373765346532643566306332653436356234643032353439356630346232363738383362663937
37396435636133366666363566366439666339333864346431356537356638343136316262323532
34646438613332363931633262663034326433623439303262623662353931316565623037663036
64343665663134323439393734666131663737303033303230386230363361666464613765613330
35663038623637386435326265373135356566666563303230613138386163383639633834653337
39656532373361336138343632316131666536626333313363386336666439396134363031336530
30376466323262313935396533376262636562326332643234643732623666336662613235376237
37636538663536613162366663393362323936323563323136386666343134306161656366323430
34303434313237363661643236616537373536656563393538363565336436363630646561383533
32666137626364336236383137353839323534633364386238353034626239306464393164376431
37326561306332646132626634643833313836363665373033336433643465376235393930666332
63303235316334343938656636396561343864326364373339393936323963666464316162646665
61616663353835323638646130356161323839326336323463613535326262653761373931653434
38313066656164306635373539336137663862326138623830663135646633643566616435393962
66656536633134383733383733323434353735306136656633313464383535623064356664616235
62363461653131396634366539613562366432366166633064636361313639656535326565383534
33666562316661643837663466323034376436393935613363313636323431393239303966393264
36326331306534643262366539396131343765663561306163656662356666316364333037663834
38663665313833393433633833343339633531333432353137363164333562316333626265363533
31306131373234636261643633306138343865646236356435613636343037633763353337643566
32623139346266343531373466663931643533386462633839646435303437343766393862383863
34313930346536656365306231313438653938386538316361636532326164646437623236643039
31366362373135396336313761643638313363636563346230303266326333373035356531303261
33663233303761663038386434633435653536373835653234623139343461383433393531326464
31646635326238626562626232346564396535653732663564326538383234646233626133623632
32363866363633376334383065353366376461663461396435626265316131626566303833353361
30386534323636386334393165363032313261646238613031653232383465636630663738393365
31343437613861633765633135366235313732363238653639396632333138366539323965386638
61346232396332336132653066613263316139343638316438653865343061613966326666393538
35323137663736616265663331366336656133343338396637386331653235663231336663366434
37626637356530336432373331373334316231643030333435643765393933356639373633316261
36363738613830386137643238373762313161613034303465383962353137316266323361623935
34613261383862383639373163656361623936666361383562626636623735396135623532346530
66616666616465633531303633303938376634646632643264383231343232663438343165393964
38363263386434383865616163383631316563633730376235323863653837613064333638646437
30336532376138336464386362373236373964386531656163616535303537393663353262373863
63613032666137383861626133356364663633643066653634616630353839363539363732383538
36393861333934393830376139656530383439623561373562373438613464333130666562396530
66643435373036636362653038633038616361623530643138383333643561383330653434346538
33373435646330363962396662636232346334386237366230643538626366336363326235366630
66356530613262646636313566636330366365656536623666616238643634646362373239363464
32313664373464343634663163656436356364643738653635386261663433343163323761383064
38373434643836363063396462646166623934383761653832343734663435323134616563663535
39616335383465376161323030623961613134656138386137646231653534303262616531383463
65323566326662633761383038343466373930396462663664306434346666363435316232663039
34623265633931656565643438666132356163646435636631363034336464393361336531613262
61633061313735666530663733373636396366383961633538666237623330393062386238623063
32633761313038323730626332643234613061346164626262336661653964653938393130366161
32613637353162646262636532643563346366643966343161393265313939633534306130306235
65663364643530343338653063643562333138613532386464613966656530386266336164346436
32353537343139653963353630383134316466323833643332316239303337616237356363396135
64393935666636303734623934363761383765326139303761303232666561323338616538356161
36623263326633306564383432623735373533326162363365633466653837633665646262313734
31646161653531643865353463333030613337643737323533643764353237373135326265333566
32353230656139376638653338643437633466353064323130346163343162636239346363633035
39663134303166656437383464316635643238623130386631633463366266353736623864356161
33386130643632656562336661623563393866366436643137636630363433373633356336373930
36623964303031386233323031323638366138373535623730313234363663363364636636303863
66306332383333643736333236353936393633363361383063666538386634623661373065316539
36626330303464343436363565303838313832663637393838666630636262656664376434616630
37343763643038373666316232393366363332356366343934653036313966623832633165306539
37646639363636386463303135363838333635646661663937386530373861306133333532386166
33353730393764626361656137623363313735643835623763396635336265373161643335666635
32633461346363333338643031393535303435643065613134373530666163643030656437666565
39323436656531653733643139333864343736313262353436663030643835343235393264636364
63323239336666626664313233393735313233643236363539323162363733353464616539636531
35376565373162353737623764363837356262313734356663666636363665613932626464626664
61616464343563663931343133346636353263363336373839633965643532666430646630646161
30363338663366623139653732376430666531636561623066323839306665633764643038646130
36636362623632613464376231343338333762363762663765393166353435643632633562333865
66383932303263623832616137323662333338643865633337363838623866396138366236643036
35643032643630633530633730323931346262613736326138643431303732653031663838326161
65373432653431633866376163316331316261396633313633363462386161316365376633316238
32363830343435613665656162386138623164653536383065363365383266323438333230303437
63373937336562333464386631383964613539633436363431366165303462626562373737353465
34626466393733346231346537656539343337343139306436656262653531393631656537643564
34313331366661613265326663633166656430333665313939653766396237616137356261333635
31393464363832626261323761643063376531373665643564363239386539626632333331333535
35653538306434366432383162353430646630346462333730323830396661633537323935663966
38623731636239303061383933313231366631353064363731313834333034633233393363383337
36626362353663663033623735393139386366626162313035653237383534383431633937363635
62653432323839343438613035393963393361656266616638303861663531346539326536306661
39613931623839326366343135633263643430613532343565333439616365336662656239643362
64333162313632393966386161376564623964353731643835323338666163303936636633393435
66346231393833303335396461346161393135653062633232323766663565393934333632333137
65316335323162356237343037643937343632393765613032363037376661653534356334303265
31313665636133376339333031313866646137376539633865623736306637313238363935663736
34343536303331646631353631623336316165613239323261373165656261363033
