$ANSIBLE_VAULT;1.1;AES256
63373361653330666436613133656137613136663561336238383739353435316638643561363866
3639363832313862666463336462343363386364353465640a633438653965353962386237663165
63336231376566336434663932383866333432393737303039343633373634346634343164316431
3438613766336134380a626230633630396339326632643964383633373632303738343962663861
33336436386366653866653666343561616231616364313231636362346662353737633064666337
32353135663061666536323231323062376630336132633130383435356264316132396538663338
35633735393338643863663839323632333633396363643565613933666636623266623561393264
30653037373830346533313933383732623462613665333639663438323438373062613934613037
35653962616538613938316563376338333636626139623236346631613765363237396236323235
37343365323735373330306338343136313039326635393363383962376637303661646463623931
39383663663037663932303430363138346264346361623636623237343638643530633466303234
62333830613537623465356130313165336362656364393065643235393262323732636132336565
64353230393761653330656632393661393064336436353836656636623539343365323337303734
63323036343464333838623133356562653938353962636134313661346363303564346466386462
66373839643864623761333530633639613062383832383561373335303135393063653531623134
30393661653838333564356632643064366231313037336536386362613939353464376531303639
33643034353036316131653332616162376136366530333134323161393434613766
