$ANSIBLE_VAULT;1.1;AES256
30313939636538393164396265333864316231383833643362633235663566313736383635396439
3362383337373434623436666434633032656437653864390a346466363064633132343139393738
65306133633437663361396238323165353562343961653362313538616336663432366337613462
3237346136373532300a366331323466373730613532353639346636653761643964306433383266
38623333623935613362336162336563653535666665313539353836633230363131373530363938
63336232643536303936303230663238356634313264666530336337353264383661383961396538
33383735356335653934353835313835356638623934663638623966626266633030376131353865
62386439343739396135353933376265343335623439623735666133343239616362353033393234
62333936323739323964616265616366383139383736306539353665613032616263363339306332
64373833346331343565373465646533376630313264653364663030666338616233623338623366
33373366366134303739626530393731666336323464656438626364393630336333616536656164
30613166663966653662653338306361323666303232323966393131383431613632373835663436
61636134663431623732613837616366336536626364653831623437356466656532383633393064
35363261633365386362626431396538373432636438613038326436643062366232386334646537
32346639646563346564626337303465626635376233333938643030366439616538633535353566
64643265313431313131336464323939363231353033333238376139393230333336323966313935
35636333303036316532663762653365316130373265666530396137333339323939326437386661
36643035373964636134303033653330613765663938373063646232633530313731666263336137
66363036393866333939363432393738343633656236656534656561376233313336633837323639
30656361643836353662303831636233373538663361373464316636633962656463383734646161
39343264336430306639643866393538343836626565306635306639313334626464353065303464
37626233663533383633646130653539336139626263663061326337366336356565363764386632
37346165616563376532316231666333653464613261353932643935623637323564353662633063
65333266326536353861393763313935353232623631666162386335323936303032653434636138
32663637323362653231313265616537346537383061386531366631653639363637306239303838
63393835343561393431346161626232353762633537393036316262666639313336616330643335
33623636363063343533333466663665616637333265383637633366336430333563333361643136
62396663663331396332373763326332306166303962346661633562393463313835306264303833
36343330656161306539336665353365353466393363646362393163343536396462616639326138
64633664326264623364396637303337306236346532313237616163636332306235346238636663
35323336646266343639663535663664376537633863363438636531646261326231336665393234
31306237306439646664313264616439383131343861663663363634333836333639303462383238
32363839316533393466386462386366323330663135396535623063653861343837633661303666
61663935363734633839363166633262336666343333663161383563333534356336653333626166
65636235376466366661656333393939613238636366323439363835336135333737326331346664
36616138363961623532323830376634383365323031623161646261623738353738643863383739
38663862306436373937646635666435356166303766396532623765373132306666366137393465
38653339316365366136383466663265393137323663613164336337663262366331613266626362
65316337393661643466336636343066663066393635373330346562643832613161613966366232
36326237353535326230636263303235346162383639306265323932356665316661356536363936
31313231323163633066393465633463313335343237336232383465353932636239373834333337
32306162366538333534363834313531373439313563336436386163663035376431336635346234
37623936383730653062613263643835333135373531326332613339306235343738376163636331
30333330373038393531343530643032656630613038306436633563366263613663663038616466
35356537343937646464303530373139666366313133393165633762363132383632376166613934
38303735373236616336666434373265653038643438346365343338303862396130623439663065
31626634633362646337363862303764656161386436373161633931336463633535373037613137
38353832613030653431373733653333653838383130633135666532303938383036306632376136
65303764636465323466303834303265653035663434633362323435373261393036316439336265
64313262656633363436393365383331626665383761653633623233353539343531653639663661
38343335313234663830633433366633393561366564366634313632303637653834643263663165
33656135363338636437633531366565343664353863303837323231626161373131663730623730
37306330303836363736383139636564623536336334623737346166373632306135373634663930
35646237336366333435633932363564356234333031633761613931656463356539303133386463
39333637636333616236633934613465653831323562343066356566653266336133633962663566
30363261343032613138646564383636393431373234363830646433316465303662356161643334
31663130333466333735303932303537663133653130326239373461313839323137346566326334
30313234643966646237346231356236653639353132613337356234373738333766333738633932
65323766313832653463613630613837363362626163386632396262623838343233643337303461
35636633323939623361323962656435643335336632303434303632333633656366666361353235
64363030303736333061666239336236633333343634646333366531393435356563353037373734
37626662313965643562666432353034336339346530313530633738643862336537663661663365
63363938663737366335653562613565653537376630343634383334656465356635336335306132
30363461383939303566623431636566383361343562656465393861623231373739643064626639
37646462653263633837346135343536343837396237643034613663656463356461666339633062
30306263626633373335353037303130623438343664333936333935643033363038313363316131
65666366383238336362643233376366313536353436626131666132343362306235333134363737
63303664643936373265393466366633373934323734613537393762663339343262646464393731
32633962626234663762653665353566336464383662653430616537393363326532636663373232
62326461316264353231363831623334376632366661313964393964656437393633356438663232
36353139366331616539333661356464623934353566616265643435363835333839386337353865
61343431343539623061396365616263346161346335626465646230613037613839383539663164
65396361373866363332396437623063383431383137313738333864393863303265343630666536
37336361666334346438306336623565633263633833653364656466316530363338633565373966
32363737353262303030656438356130323438346136663737633263366164323231323466396338
36623433336263643530373532333566353332646461616231303163366339666561323232653935
63306630313635363832633635323161353665623633316137623835653832306432626432383632
66373530393934393339333238643366363536313363353761626431356538623737323932316437
61343633353765303033393338356331623266363039633032633064326239653035366632626265
33343336346262633836366562633532353865366563353930363266623761656466383432303962
61313433333766653637643432346262306564316436636433643066366661353463666138623132
36313537616133653262396239393236643831356138343666316339653435636633333937616332
63656364303936373133306263623765663461333264663433323465343430613363663762346336
63613764393361373864623461626633633538633233613434383461306465616233636262623337
64373864643335373239333635333236646238313331663137363462336133363233623963373632
64663637323666373432326333643438633539613432363636373437363937343839383263613635
39336363306663643261313635353638666136383731306665613532306230323761636462336163
61363930613964393762306162383232333637343738663163633133633637363164633834343632
30363633326666623433376462316134326536383463316131306439323630313964626138333733
31383235363131383064646664386261303038306430383439306539656233616334633534353138
31306664663161316138306539313035343337366638663064613534366132313866316639646337
37616437643431373531376463613832323930303131393165653233356466336237386561376237
64663638333662333437373464343935356637613335323937333032333132373963313238333135
38326436626463643463396338336433373962633834643031383766643736333434336332333835
39643663396666363363653133396334646533373135326231393336396239626262353961663530
39333662323031306233666265373234383662363230643337633833626233313162663062646335
30316335396339633533343436373438323433393931366665346133366265373366633438653432
64613966333464636132303437323232613563386331393535373164666561316233356431623232
66376438343734383530353662626436373032336362656633393363316465333634343334393433
62383334343766666163626263646131303165303861396465663930656136653865346362333166
37303565303662616136633064303561303365616166666563313730386634623263663136646632
66626532646239393937393538336238306631356637633535396632396330386665326164376364
30346262366137373564616639346438613033313865633333316561623566323163323563333239
62393331386333353661303664393261656431383862663863643234663531383437633638663664
37363635366361366634303863656338353363366434306131353438653535386336376433353663
61393736633966666166613866316163353236346137366262353338313932626231633635383937
39643236646365623263353436666135336133636135313134346435343232313439653530396135
31343030366235623939366530363331303639396537623936653337306130336666323534323630
64636564623335323332633361666439623665333661636566333264396337393864623465323461
61383263633163326662336532633765616464663132383439373139663461653461303839643831
37643966653562623665616538363261626235336231663538646565333033383037643835643863
31666434626563636139646632366630326130643539346563396665393531383739336331636566
34663661663239363732323461663130376462633761383130366161336162376266393832383164
32353963356261313830623065373866323062636439336632663334336637653139646133653435
33623536626163363962333962656331356238636334663334616337623862343563626233623536
37383930373136333231393031393530376236376264666435613734343330633265333332343061
62326435383730376464306531643932396262376332336536333136386333386664373863366433
34353737386534393136373863613836383163366635323866396266343332623139363232363661
39663431626338666363353662313565623736626664303461386238656238643663643332646330
66663638646166393035393434326665633865626361383738343439366431616530633966383437
31306430386632656138303032393033656534323530383463386130663836343731303731303636
30613364643463626565376161363664623731306532636562396661626665353036616664663638
37323262333161346533313430633665653137343265636536346166343836313866373265653036
37323062633939366461666337313833333238613063336537316431323638343833373462346366
63326332356434613838663432313064306532336663333762333062313866393462666264373533
30323833396233306530383936633134383230653935316336626363303266393863393036313231
32396366363031306436313133356437353561366533333734663065343835373731353931643331
30306630353430613530313063366234383132646336373436393038323039383032343430346538
61363832616364316539366662393436316266666639343535303638313239363932613736623262
66356236633739366333643761666233663831636431623835386165393333363435656232326237
34326166396538326363396266303635376664326630393936363162363536303164613762333362
36343164383331356561333034363630386535633465653030373430326238653139663134626665
66373537303734306136636533383938386537366433343430363430366566326165303233316239
64616633643663376136623636353763333362353965313231653339663266666162613164363134
36366462653762373236373233666637333235373336613637336432383635386563303732303232
63306566663536323262356132386639363462396632343566383435653830313162353034653336
32373364333930373134396138616634653263373335373631626133373637393431616630353635
65396362656561343639323764616263373732663334613837383666636339363238376665333762
62303661343238633166646464326637323962633133393539643939646136663931343366376538
39343833323431653032336437656236623035306662643262383533306636363962646233343134
37396562306538663632356133316530386166326230353264653531346436623136613931613133
31383731643030356136363239303236656465393732613137396432363235356365623062323938
32633738613135656636313161333436373565616639616461383632353730363836643633373936
37376633393131656334366663393061336233343865343664383930373334386362646532366134
63323464306366323832653066613661306564623638626266333866653636613539643733336432
34303337323731386263363165333430383164343332646365613836323661653363366465346135
39663039613462643235643164353834396239393761653561646333373931623331373265623135
62303262653736323836646637376430316235623036663963656439373764653962326333383434
32376339623135663666346235333536663536333964313565396130343132366138623662643536
37636666393730373631363932646339666438346166623463323934383638313961313638333831
62626138613864616330633035633636613266356663313337396365646663393535636535336138
35383233643038353836383533393036323365303438323030343230303461656565343033626138
61303363336639383930323839656432346661383234323365396330353838353165343062653631
39616165386330346662666165376364313330383733613062383131306435363736613832613162
31333631333435363338373333323537613161663165633838313565373632643436386336663332
36646562306461393136323438383038306138303762316562363265356464666165303638363337
34383865303965386665393235623366386661376235316537396534306164353461646561663962
63613266316231373763643363353731316533353434633665636533316138353037633238383137
39323665353765663939313636636132656430623866613235366632393465646564316665336333
36656237613766333531616265366165633964323039343939363337633561353333343630333636
65613330303734656432616632646136316339373438616461626364646332623933303433666436
33353635313635376465383566656337316463396237323637323938336533313438613236373731
65613763653762663963356264616163633232376632646333633036646265636462333962343834
39633135323734653839363133343134373331373836353336653262343365616161663061386438
32633731643961623133663230343036616433346336613762313564316261363739653435353735
61316133323662303064396333663739316336336536646233363637353938616665663161643630
30346139613834383839643564306366633138326539643161313832646331313562653964343132
30373838656332366261643863613233366132656263383538333037316433623833323537306539
36343864636562343233373033306134613737653663336633633364623337313465393261636436
33373933646534366565376330653038316339643631623462616331333764373363613364306637
62656564666566643538643962373565363331393661373562393566316332666139333536366534
30663932666166343031643839396431333063643434363134303330623739326463393466656636
63653165363063303164343235633830336530386136393961316534393433633532
